40 558.0414755344391
41 -377.826194524765 1119.0968055129051
42 -311.9143201112747 1185.0086798667908
43 376.74566835165024
44 -143.9004301428795 1353.0225698947906
45 -674.1235801577568 822.7994198799133
46 18.703463196754456
47 201.98502814769745
48 -334.969233751297 1161.9537662267685
49 -284.0560798048973 1212.8669201731682
50 185.10655677318573
51 -577.1168583035469 919.8061416745186
52 285.3302481174469
53 -345.9807662367821 1150.9422337412834
54 409.9298713207245
55 -543.2314344644547 953.6915655136108
56 -304.7807673215866 1192.1422327160835
57 -456.50960981845856 1040.413390159607
58 421.05969923734665
59 -736.7067435979843 760.2162563800812
60 496.1544718146324
61 -430.5455078482628 1066.3774921298027
62 -577.5231061577797 919.3998938202858
63 5.047862410545349
64 -225.95767378807068 1270.9653261899948
65 183.78156352043152
66 -301.9902945160866 1194.932705461979
67 -222.71069204807281 1274.2123079299927
68 387.9668161869049
69 1.9342989325523376
70 87.18429452180862
71 616.8480227589607
72 69.02156001329422
73 -82.62212610244751 1414.300873875618
74 140.25587689876556
75 -779.4681232571602 717.4548767209053
76 133.1949983239174
77 -133.21967989206314 1363.7033200860023
78 -98.26638585329056 1398.656614124775
79 222.63170564174652
80 -681.8974162936211 815.0255837440491
